D:\Anaconda3\python.exe D:/PycharmProjects/untitled5/ACN.py
cuda:0
Files already downloaded and verified
Files already downloaded and verified
[1,    20] loss: 2.2989899039
[1,    40] loss: 2.2477275610
[1,    60] loss: 2.1994012713
[1,    80] loss: 2.1432711601
[1,   100] loss: 2.1180818558
[1,   120] loss: 2.1070577502
[1,   140] loss: 2.0603584051
[1,   160] loss: 2.0632441998
[1,   180] loss: 2.0257022679
[2,    20] loss: 1.9643771589
[2,    40] loss: 1.9285672188
[2,    60] loss: 1.9088899672
[2,    80] loss: 1.8723347306
[2,   100] loss: 1.8537222147
[2,   120] loss: 1.8577364028
[2,   140] loss: 1.8405337691
[2,   160] loss: 1.8489771962
[2,   180] loss: 1.8174892485
[3,    20] loss: 1.7998046875
[3,    40] loss: 1.7867373586
[3,    60] loss: 1.7822602808
[3,    80] loss: 1.7586815655
[3,   100] loss: 1.7743088484
[3,   120] loss: 1.7514782846
[3,   140] loss: 1.7337587714
[3,   160] loss: 1.7340014458
[3,   180] loss: 1.7198315620
[4,    20] loss: 1.6948255837
[4,    40] loss: 1.6922805607
[4,    60] loss: 1.6823987842
[4,    80] loss: 1.6545180619
[4,   100] loss: 1.6633565009
[4,   120] loss: 1.6729807138
[4,   140] loss: 1.6601458073
[4,   160] loss: 1.6458899379
[4,   180] loss: 1.5974815667
[5,    20] loss: 1.6818180501
[5,    40] loss: 1.5980931997
[5,    60] loss: 1.5952572525
[5,    80] loss: 1.5825354993
[5,   100] loss: 1.5881196797
[5,   120] loss: 1.5628563106
[5,   140] loss: 1.5916260004
[5,   160] loss: 1.5506516576
[5,   180] loss: 1.5376184046
[6,    20] loss: 1.5564138770
[6,    40] loss: 1.5018373191
[6,    60] loss: 1.5157897532
[6,    80] loss: 1.4982731223
[6,   100] loss: 1.5213926852
[6,   120] loss: 1.4627277374
[6,   140] loss: 1.4952858806
[6,   160] loss: 1.4840956151
[6,   180] loss: 1.4714467824
[7,    20] loss: 1.4729825795
[7,    40] loss: 1.4445679188
[7,    60] loss: 1.4458482325
[7,    80] loss: 1.4468397081
[7,   100] loss: 1.4644003749
[7,   120] loss: 1.4204457521
[7,   140] loss: 1.4301851749
[7,   160] loss: 1.4343183935
[7,   180] loss: 1.4116281867
[8,    20] loss: 1.4233813882
[8,    40] loss: 1.4126756787
[8,    60] loss: 1.3979592621
[8,    80] loss: 1.4029763162
[8,   100] loss: 1.4041514754
[8,   120] loss: 1.3835999668
[8,   140] loss: 1.4004835546
[8,   160] loss: 1.3690727234
[8,   180] loss: 1.3504843533
[9,    20] loss: 1.3579797447
[9,    40] loss: 1.3598249376
[9,    60] loss: 1.3603173852
[9,    80] loss: 1.3459284842
[9,   100] loss: 1.3259848297
[9,   120] loss: 1.3552412570
[9,   140] loss: 1.3049607575
[9,   160] loss: 1.3157517970
[9,   180] loss: 1.3414665818
[10,    20] loss: 1.2876315534
[10,    40] loss: 1.3173987210
[10,    60] loss: 1.3199241161
[10,    80] loss: 1.2836266100
[10,   100] loss: 1.2775317132
[10,   120] loss: 1.2918811679
[10,   140] loss: 1.2880062163
[10,   160] loss: 1.2826138318
[10,   180] loss: 1.2510295987
[11,    20] loss: 1.2362606585
[11,    40] loss: 1.2670023739
[11,    60] loss: 1.2682596743
[11,    80] loss: 1.2609789133
[11,   100] loss: 1.2225185513
[11,   120] loss: 1.2380256772
[11,   140] loss: 1.2215551078
[11,   160] loss: 1.2393242419
[11,   180] loss: 1.2335321844
[12,    20] loss: 1.1757938147
[12,    40] loss: 1.2259621382
[12,    60] loss: 1.2168840528
[12,    80] loss: 1.2126865923
[12,   100] loss: 1.1953261197
[12,   120] loss: 1.1997542202
[12,   140] loss: 1.2088981330
[12,   160] loss: 1.2079817533
[12,   180] loss: 1.1791781723
[13,    20] loss: 1.2130682528
[13,    40] loss: 1.1430835545
[13,    60] loss: 1.1860534310
[13,    80] loss: 1.1454035997
[13,   100] loss: 1.1651792467
[13,   120] loss: 1.1278588235
[13,   140] loss: 1.1407078266
[13,   160] loss: 1.1626030743
[13,   180] loss: 1.1595222175
[14,    20] loss: 1.1395531476
[14,    40] loss: 1.1355076134
[14,    60] loss: 1.0877296716
[14,    80] loss: 1.1398601294
[14,   100] loss: 1.1332430303
[14,   120] loss: 1.1339747071
[14,   140] loss: 1.1329689145
[14,   160] loss: 1.1054209232
[14,   180] loss: 1.1146410882
[15,    20] loss: 1.0985353351
[15,    40] loss: 1.1012475550
[15,    60] loss: 1.0719263107
[15,    80] loss: 1.0907464415
[15,   100] loss: 1.0865187138
[15,   120] loss: 1.0652386159
[15,   140] loss: 1.0960082501
[15,   160] loss: 1.0862992585
[15,   180] loss: 1.0670896113
[16,    20] loss: 1.0447769582
[16,    40] loss: 1.0620358139
[16,    60] loss: 1.0448108107
[16,    80] loss: 1.0539197624
[16,   100] loss: 1.0407817841
[16,   120] loss: 1.0772558451
[16,   140] loss: 1.0785661250
[16,   160] loss: 1.0314567417
[16,   180] loss: 1.0316092253
[17,    20] loss: 1.0152992100
[17,    40] loss: 1.0130285859
[17,    60] loss: 1.0043267906
[17,    80] loss: 1.0171554983
[17,   100] loss: 1.0082798868
[17,   120] loss: 1.0218228817
[17,   140] loss: 1.0235908538
[17,   160] loss: 1.0225089699
[17,   180] loss: 0.9864491552
[18,    20] loss: 1.0309396565
[18,    40] loss: 0.9939245522
[18,    60] loss: 0.9937382668
[18,    80] loss: 1.0044730753
[18,   100] loss: 1.0080391049
[18,   120] loss: 0.9980992794
[18,   140] loss: 1.0103932947
[18,   160] loss: 0.9802437782
[18,   180] loss: 1.0046344131
[19,    20] loss: 0.9982569039
[19,    40] loss: 0.9920518726
[19,    60] loss: 0.9547306865
[19,    80] loss: 0.9925037175
[19,   100] loss: 0.9837577492
[19,   120] loss: 0.9498342544
[19,   140] loss: 0.9904417545
[19,   160] loss: 0.9804756075
[19,   180] loss: 0.9904615700
[20,    20] loss: 0.9365199298
[20,    40] loss: 0.9318320543
[20,    60] loss: 0.9641298324
[20,    80] loss: 0.9480086058
[20,   100] loss: 0.9548964918
[20,   120] loss: 0.9577455759
[20,   140] loss: 0.9512738645
[20,   160] loss: 0.9526505589
[20,   180] loss: 0.9420174092
[21,    20] loss: 0.9467520654
[21,    40] loss: 0.9030877680
[21,    60] loss: 0.9095052272
[21,    80] loss: 0.9439329654
[21,   100] loss: 0.9123950720
[21,   120] loss: 0.9182541579
[21,   140] loss: 0.9092500269
[21,   160] loss: 0.9319374561
[21,   180] loss: 0.9301315010
[22,    20] loss: 0.9286678195
[22,    40] loss: 0.8881794721
[22,    60] loss: 0.9012932569
[22,    80] loss: 0.9259206265
[22,   100] loss: 0.9003780901
[22,   120] loss: 0.9076372653
[22,   140] loss: 0.9115413964
[22,   160] loss: 0.8975276381
[22,   180] loss: 0.8949397087
[23,    20] loss: 0.8641085714
[23,    40] loss: 0.8829766870
[23,    60] loss: 0.8901498497
[23,    80] loss: 0.8673118174
[23,   100] loss: 0.8985913336
[23,   120] loss: 0.8758555353
[23,   140] loss: 0.8764745742
[23,   160] loss: 0.8437580973
[23,   180] loss: 0.8883121610
[24,    20] loss: 0.8697486639
[24,    40] loss: 0.8791210890
[24,    60] loss: 0.8698075294
[24,    80] loss: 0.8673556775
[24,   100] loss: 0.8832967430
[24,   120] loss: 0.8468404740
[24,   140] loss: 0.8755154997
[24,   160] loss: 0.8687328249
[24,   180] loss: 0.8588192314
[25,    20] loss: 0.8599928766
[25,    40] loss: 0.8641914904
[25,    60] loss: 0.8077380508
[25,    80] loss: 0.8548088849
[25,   100] loss: 0.8654995829
[25,   120] loss: 0.8472028345
[25,   140] loss: 0.8611889541
[25,   160] loss: 0.8332446575
[25,   180] loss: 0.8412259161
[26,    20] loss: 0.8283663839
[26,    40] loss: 0.8214291543
[26,    60] loss: 0.8584295630
[26,    80] loss: 0.8418265343
[26,   100] loss: 0.8260835916
[26,   120] loss: 0.8554248154
[26,   140] loss: 0.8430989385
[26,   160] loss: 0.8045491219
[26,   180] loss: 0.8209347576
[27,    20] loss: 0.8098562539
[27,    40] loss: 0.7990126401
[27,    60] loss: 0.7984634668
[27,    80] loss: 0.8100798815
[27,   100] loss: 0.8249325782
[27,   120] loss: 0.8043831885
[27,   140] loss: 0.8108581990
[27,   160] loss: 0.8372083426
[27,   180] loss: 0.7937587351
[28,    20] loss: 0.7625081629
[28,    40] loss: 0.8048526764
[28,    60] loss: 0.8006003499
[28,    80] loss: 0.7842532009
[28,   100] loss: 0.7870177597
[28,   120] loss: 0.7906750828
[28,   140] loss: 0.7852427930
[28,   160] loss: 0.8054806501
[28,   180] loss: 0.7959188879
[29,    20] loss: 0.7926079571
[29,    40] loss: 0.7904443592
[29,    60] loss: 0.8070594162
[29,    80] loss: 0.7623960435
[29,   100] loss: 0.7871856302
[29,   120] loss: 0.7880164057
[29,   140] loss: 0.7558284670
[29,   160] loss: 0.7642160505
[29,   180] loss: 0.7581520349
[30,    20] loss: 0.7641401261
[30,    40] loss: 0.7501704335
[30,    60] loss: 0.7718996733
[30,    80] loss: 0.7647772074
[30,   100] loss: 0.7756424725
[30,   120] loss: 0.7873465270
[30,   140] loss: 0.7615682244
[30,   160] loss: 0.7662978917
[30,   180] loss: 0.7502044678
[31,    20] loss: 0.7842495203
[31,    40] loss: 0.7756387323
[31,    60] loss: 0.7458144933
[31,    80] loss: 0.7402102411
[31,   100] loss: 0.7225181222
[31,   120] loss: 0.8065117508
[31,   140] loss: 0.7564307541
[31,   160] loss: 0.7431936115
[31,   180] loss: 0.7460279375
[32,    20] loss: 0.7450683385
[32,    40] loss: 0.7459342062
[32,    60] loss: 0.7273614496
[32,    80] loss: 0.7667860299
[32,   100] loss: 0.7449673802
[32,   120] loss: 0.7388380110
[32,   140] loss: 0.7553847253
[32,   160] loss: 0.7416879982
[32,   180] loss: 0.7491317779
[33,    20] loss: 0.7584058940
[33,    40] loss: 0.7194372743
[33,    60] loss: 0.6800439149
[33,    80] loss: 0.7408195943
[33,   100] loss: 0.7201666981
[33,   120] loss: 0.7301802754
[33,   140] loss: 0.7409978956
[33,   160] loss: 0.7178695560
[33,   180] loss: 0.7184456766
[34,    20] loss: 0.7314208746
[34,    40] loss: 0.7114726394
[34,    60] loss: 0.7289069980
[34,    80] loss: 0.6888638407
[34,   100] loss: 0.7276218235
[34,   120] loss: 0.7055815518
[34,   140] loss: 0.7099126548
[34,   160] loss: 0.7006567508
[34,   180] loss: 0.7117693514
[35,    20] loss: 0.7024165273
[35,    40] loss: 0.6871078789
[35,    60] loss: 0.6980570316
[35,    80] loss: 0.7323104203
[35,   100] loss: 0.7217609972
[35,   120] loss: 0.7098544657
[35,   140] loss: 0.7117980689
[35,   160] loss: 0.7090558946
[35,   180] loss: 0.7061288953
[36,    20] loss: 0.6986223966
[36,    40] loss: 0.6757266998
[36,    60] loss: 0.7004358470
[36,    80] loss: 0.6812396765
[36,   100] loss: 0.7116971076
[36,   120] loss: 0.6778712243
[36,   140] loss: 0.6989699215
[36,   160] loss: 0.7009307772
[36,   180] loss: 0.6958140194
[37,    20] loss: 0.6772230029
[37,    40] loss: 0.6643174917
[37,    60] loss: 0.6752784073
[37,    80] loss: 0.6761760503
[37,   100] loss: 0.6759196162
[37,   120] loss: 0.6745006382
[37,   140] loss: 0.6695809841
[37,   160] loss: 0.6813094139
[37,   180] loss: 0.6874310941
[38,    20] loss: 0.6900348425
[38,    40] loss: 0.6344840080
[38,    60] loss: 0.6976992786
[38,    80] loss: 0.6697216451
[38,   100] loss: 0.6400544941
[38,   120] loss: 0.6666555554
[38,   140] loss: 0.6848814905
[38,   160] loss: 0.6696428567
[38,   180] loss: 0.6918627471
[39,    20] loss: 0.6311703533
[39,    40] loss: 0.6589106649
[39,    60] loss: 0.6425754249
[39,    80] loss: 0.6431673139
[39,   100] loss: 0.6750913113
[39,   120] loss: 0.6746736377
[39,   140] loss: 0.6759367734
[39,   160] loss: 0.6493055820
[39,   180] loss: 0.6865587413
[40,    20] loss: 0.6418934256
[40,    40] loss: 0.6346803397
[40,    60] loss: 0.6265598148
[40,    80] loss: 0.6466376677
[40,   100] loss: 0.6507354677
[40,   120] loss: 0.6634031385
[40,   140] loss: 0.6401894659
[40,   160] loss: 0.6580538660
[40,   180] loss: 0.6378623009
[41,    20] loss: 0.6514784276
[41,    40] loss: 0.6498708963
[41,    60] loss: 0.6387705386
[41,    80] loss: 0.6312170863
[41,   100] loss: 0.6440000981
[41,   120] loss: 0.6337014824
[41,   140] loss: 0.6245744109
[41,   160] loss: 0.6508408695
[41,   180] loss: 0.6573253602
[42,    20] loss: 0.6249874026
[42,    40] loss: 0.6264829606
[42,    60] loss: 0.6305990219
[42,    80] loss: 0.6357747972
[42,   100] loss: 0.6189897478
[42,   120] loss: 0.6363131225
[42,   140] loss: 0.6316020310
[42,   160] loss: 0.6342413217
[42,   180] loss: 0.6386103928
[43,    20] loss: 0.5979268432
[43,    40] loss: 0.6313538358
[43,    60] loss: 0.5986911073
[43,    80] loss: 0.5922011405
[43,   100] loss: 0.6278305501
[43,   120] loss: 0.6486731738
[43,   140] loss: 0.6294761389
[43,   160] loss: 0.6026046976
[43,   180] loss: 0.6524123758
[44,    20] loss: 0.6223753259
[44,    40] loss: 0.6044490159
[44,    60] loss: 0.6170723900
[44,    80] loss: 0.5865629181
[44,   100] loss: 0.6275198400
[44,   120] loss: 0.5952047884
[44,   140] loss: 0.6450282991
[44,   160] loss: 0.6131567091
[44,   180] loss: 0.5845911562
[45,    20] loss: 0.5938578606
[45,    40] loss: 0.5869740084
[45,    60] loss: 0.6113356352
[45,    80] loss: 0.6054640293
[45,   100] loss: 0.6230974883
[45,   120] loss: 0.6223785430
[45,   140] loss: 0.5998464584
[45,   160] loss: 0.6110025227
[45,   180] loss: 0.5920054704
[46,    20] loss: 0.5730850682
[46,    40] loss: 0.6184259787
[46,    60] loss: 0.5747874275
[46,    80] loss: 0.5947817028
[46,   100] loss: 0.5810062706
[46,   120] loss: 0.5997755378
[46,   140] loss: 0.5995490193
[46,   160] loss: 0.5863810167
[46,   180] loss: 0.5999096453
[47,    20] loss: 0.5689231664
[47,    40] loss: 0.5822507486
[47,    60] loss: 0.5751080915
[47,    80] loss: 0.5834317729
[47,   100] loss: 0.5929239750
[47,   120] loss: 0.5751464114
[47,   140] loss: 0.5913456991
[47,   160] loss: 0.5814678892
[47,   180] loss: 0.5915082842
[48,    20] loss: 0.5889818206
[48,    40] loss: 0.5712860167
[48,    60] loss: 0.5826540411
[48,    80] loss: 0.5583201304
[48,   100] loss: 0.5684060946
[48,   120] loss: 0.5895583272
[48,   140] loss: 0.5930807531
[48,   160] loss: 0.5874868393
[48,   180] loss: 0.5851750493
[49,    20] loss: 0.5698783740
[49,    40] loss: 0.5910192639
[49,    60] loss: 0.5682231739
[49,    80] loss: 0.5813277841
[49,   100] loss: 0.5533126384
[49,   120] loss: 0.5808886170
[49,   140] loss: 0.5722663015
[49,   160] loss: 0.5779684171
[49,   180] loss: 0.5596943125
[50,    20] loss: 0.5886690855
[50,    40] loss: 0.5774534807
[50,    60] loss: 0.5686097950
[50,    80] loss: 0.5545487016
[50,   100] loss: 0.5433498561
[50,   120] loss: 0.5524941579
[50,   140] loss: 0.5636636525
[50,   160] loss: 0.5683863014
[50,   180] loss: 0.5438392773
Finished Training
Accuracy of the network on the 10000 test images: 75 %
Accuracy of plane : 75 %
Accuracy of   car : 92 %
Accuracy of  bird : 76 %
Accuracy of   cat : 54 %
Accuracy of  deer : 61 %
Accuracy of   dog : 66 %
Accuracy of  frog : 55 %
Accuracy of horse : 100 %
Accuracy of  ship : 85 %
Accuracy of truck : 76 %

Process finished with exit code 0
